$ANSIBLE_VAULT;1.1;AES256
38343861386536306437653331383730663134626534626666353234633238363436316362373133
3532623964383433353966623636363865663738356631660a373437643138346636333239643262
62623163316166616539343337346264346636636565643138336133353263633630356263613065
6634313161613263310a386236653637633237656238386662336335373532336434363132303630
62653538313035303034393338306434313136376361303466343665343931636664333363623534
34373839353238303564343236663766653562356663376666353663383330633164643130366431
65306430316362613064663965326339376462653932386564653061643865326230356363323536
63633063306531393733326331333734363136623466616634373862356164313131643362356433
33313933386561366435363033316430313036316262316637633139393261663639326464353730
65613631383363396365373633653562386132633161373339616563366261393438303233343063
65653430613033383264346638353938333366333762653666313134613963623433303063663837
37343831636634393064306638653263303031373166386433376434346437636661323134366236
33326234626237656266326561323838323463343963666137363935646535346436356435346335
62306137386666643664366639303132663035336465643764343737383534363530386435333335
62663036306135346638353665633233623763333638326332666132633230323936646234623463
65356363323135396132643038336531383063656237363631643836633833343832383836646262
35383966386532386465643331343033636662316634613262653435393933623638636130353334
36386536333732663261323662303766613338306461336535373337623165356639353233626566
36656665303961333432306134616464363363326137663133343461353132333765376333646665
37396463316663323539363630313262343839373437356163373966393436613135393963646639
36346566626461663932326231376266366337346366343065623730653239333336366265326232
36396437643937313963303462316366316435323434326331383064306338633538656166643464
61633237376435653432346466633766326664613462646562336132366435643830626237656438
30336361343165303534616436636663396366666164663239626664666539636466353334316564
6230
